2.744406290475994319e+04
2.751204569002204880e+04
2.753302803115232746e+04
2.754477814218528147e+04
2.746840242047106585e+04
2.745329513485726420e+04
2.744658078569557620e+04
2.741133045259670689e+04
2.748183111879444550e+04
2.749274193618218851e+04
2.735677636565798093e+04
2.743231279372698555e+04
2.747343818234233186e+04
2.747343818234233186e+04
2.735006201649629293e+04
2.742056268269403154e+04
2.736684788940051658e+04
2.743566996830782955e+04
2.740209822249938588e+04
2.738447305594995123e+04
2.730893662788094298e+04
2.724431101719968501e+04
2.731145450881657962e+04
2.739034811146642824e+04
2.719563198577743606e+04
2.723675737439278601e+04
2.727536488207249931e+04
2.714527436706476874e+04
2.726109689010390866e+04
2.709491674835209778e+04
2.717129247006631340e+04
2.701518385205703817e+04
2.711505979583716544e+04
2.702189820121872617e+04
2.701770173299267117e+04
2.700259444737886952e+04
2.686075382133818130e+04
2.701266597112140153e+04
2.693293307482634191e+04
2.683809289291748064e+04
2.677766375046227768e+04
2.687418251966156095e+04
2.674073483007298637e+04
2.675835999662242102e+04
2.670548449697411706e+04
2.672227036987834072e+04
2.670716308426453907e+04
2.664673394180933246e+04
2.661400148964609980e+04
2.664169817993806646e+04
2.656364387093342884e+04
2.653846506157709518e+04
2.649566108567132324e+04
2.641341030844063062e+04
2.645789287163682093e+04
2.625898027772177375e+04
2.624723016668881974e+04
2.633535599943599300e+04
2.619351537339530478e+04
2.614567563561826682e+04
2.609447872326038487e+04
2.614063987374700082e+04
2.599292419218983559e+04
2.610455024700292051e+04
2.604076392996687355e+04
2.594004869254153164e+04
2.577974360630619776e+04
2.586283367718210502e+04
2.577722572537056476e+04
2.565217097223410019e+04
2.576547561433761075e+04
2.561440275819959788e+04
2.558418818697199822e+04
2.550697317161256797e+04
2.559342041706931923e+04
2.553131268732369426e+04
2.540961510876807370e+04
2.534079302986075709e+04
2.535338243453892574e+04
2.522916697504767217e+04
2.529966764124541078e+04
2.517377359446373521e+04
2.508145129349050694e+04
2.503864731758473863e+04
2.495387865941840937e+04
2.491191397715785206e+04
2.491443185809348506e+04
2.473146584343745053e+04
2.486323494573560311e+04
2.479693074776392314e+04
2.471635855782364888e+04
2.461060755852704460e+04
2.465592941536844592e+04
2.447044551977677838e+04
2.443351659938748708e+04
2.435462299673763846e+04
2.426817575128088720e+04
2.441337355190241942e+04
2.423880047369849490e+04
2.425642564024792955e+04
2.376711744508982156e+04
2.297398495036526947e+04
2.230087144690591231e+04
2.173938399825964370e+04
2.103437733628226124e+04
2.041581791976163368e+04
1.969822185310608620e+04
1.912750217436248931e+04
1.840570963948088684e+04
1.786856170654574089e+04
1.723069853618525303e+04
1.665494309557039378e+04
1.622774263015790893e+04
1.579047064100289208e+04
1.541110991336744519e+04
1.496460569411510369e+04
1.454831604609036549e+04
1.414965156461506012e+04
1.380973763830453754e+04
1.346227006918711595e+04
1.312739190474785937e+04
1.282188901789099509e+04
1.243329606015822537e+04
1.218738302211135306e+04
1.187013002422153113e+04
1.158812735943058033e+04
1.135648231335229684e+04
1.107112247398050022e+04
1.085374541987080920e+04
1.048949197784916214e+04
1.032834759796861908e+04
1.006397009972710111e+04
9.918772299105568891e+03
9.760145800160658837e+03
9.521786404920687346e+03
9.248176676581846550e+03
9.131514859897493807e+03
8.901548401109634142e+03
8.706832275420643782e+03
8.588491871445869037e+03
8.434061840727015806e+03
8.275435341782103933e+03
8.165487874259441924e+03
8.026165129154387614e+03
7.859145693757365734e+03
7.775216329236249294e+03
7.671983210875275290e+03
7.549446338674445542e+03
7.384944784213056664e+03
7.308569062498840140e+03
7.179317841136320567e+03
7.112174349519426869e+03
6.998030413770708947e+03
6.885565065312412116e+03
6.758831724885526455e+03
6.682456003171309931e+03
6.619508979780472146e+03
6.474311179158940831e+03
6.427310735027114788e+03
6.307291743761918042e+03
6.193147808013200120e+03
6.148665244817007988e+03
6.018574729809277414e+03
5.969895698387029370e+03
5.916180905093514411e+03
5.844840945250565710e+03
5.760911580729448360e+03
5.712232549307201225e+03
5.680339390789176832e+03
5.564516867750035999e+03
5.478069622293285647e+03
5.431069178161460513e+03
5.379872265803579467e+03
5.339586170833443248e+03
5.289228552120773202e+03
5.224602941439513415e+03
5.163334505339097632e+03
5.162495211693886631e+03
5.050869156880801711e+03
4.956028974971939533e+03
4.945957451229405706e+03
4.877135372322090006e+03
4.844402920158854613e+03
4.750402031895204345e+03
4.767187904799427088e+03
4.715151698796335040e+03
4.618632929597050861e+03
4.556525199851424077e+03
4.549810850689735162e+03
4.511203343010021854e+03
4.305576399933285757e+03
4.133521202664996053e+03
3.953073068944595434e+03
3.790250101773629012e+03
3.640855832926041330e+03
3.514961786144366670e+03
3.389907033007902555e+03
3.269888041742705809e+03
3.172529978898210629e+03
3.043278757535690602e+03
2.945081401045984421e+03
2.867866385686556896e+03
2.802401481360086109e+03
2.715954235903335757e+03
2.632024871382218862e+03
2.559845617894058705e+03
2.516202348343078029e+03
2.430594396531539132e+03
2.369325960431123804e+03
2.315611167137609300e+03
2.248467675520715602e+03
2.214056636067057752e+03
2.163699017354388161e+03
2.089001882930594093e+03
2.061305192638625613e+03
2.024376272249334306e+03
1.967304304374974890e+03
1.930375383985683584e+03
1.891767876305969821e+03
1.843088844883722231e+03
1.826302971979499034e+03
1.783498996073729359e+03
1.759998774007816792e+03
1.722230559973314257e+03
1.702087512488246148e+03
1.664319298453743841e+03
1.638301195452197589e+03
1.609765211515017882e+03
1.588782870384738771e+03
1.561925473737981292e+03
1.529193021574745899e+03
1.505692799508833104e+03
1.472121053700386483e+03
1.461210236312641428e+03
1.442745776117995774e+03
1.415888379471238295e+03
1.392388157405325728e+03
1.374762990855891303e+03
1.354619943370823194e+03
1.331959014950121627e+03
1.319369610271954116e+03
1.300065856432097235e+03
1.287476451753929950e+03
1.264815523333228384e+03
1.243833182202949274e+03
1.227047309298725850e+03
1.217815079201403023e+03
1.200189912651968598e+03
1.186761214328589858e+03
1.175011103295633575e+03
1.159903817681832606e+03
1.143957238422820410e+03
1.128849952809019214e+03
1.113742667195218246e+03
1.098635381581417278e+03
1.096117500645783821e+03
1.077653040451138168e+03
1.054992112030436601e+03
1.050795643804380916e+03
1.049117056513958460e+03
1.030652596319312806e+03
1.021420366221989980e+03
1.009670255189033696e+03
1.003795199672555441e+03
9.945629695752326143e+02
9.710627475093199337e+02
9.702234538641088193e+02
9.567947555407300797e+02
9.458839381529849106e+02
9.458839381529849106e+02
9.341338271200286272e+02
9.215444224418611157e+02
9.131514859897495171e+02
9.022406686020043480e+02
9.005620813115820056e+02
8.862940893429921516e+02
8.804190338265140099e+02
8.703475100839799552e+02
8.602759863414459005e+02
8.569188117606013293e+02
8.518830498893343020e+02
8.384543515659555624e+02
8.317400024042663063e+02
8.300614151138439638e+02
8.166327167904652242e+02
8.082397803383536257e+02
8.023647248218754839e+02
7.956503756601861141e+02
7.914539074341303149e+02
7.872574392080744019e+02
7.822216773368074882e+02
7.687929790134287487e+02
7.687929790134287487e+02
7.595607489161059220e+02
7.553642806900501228e+02
7.469713442379384105e+02
7.436141696570937256e+02
7.318640586241374422e+02
7.335426459145597846e+02
7.251497094624480724e+02
7.192746539459699306e+02
7.167567730103364738e+02
7.133995984294917889e+02
7.024887810417466198e+02
6.966137255252684781e+02
6.890600827183678803e+02
6.907386700087902227e+02
6.823457335566786242e+02
6.773099716854115968e+02
6.764706780402004824e+02
6.689170352332998846e+02
6.647205670072440853e+02
6.622026860716106285e+02
6.571669242003436011e+02
6.512918686838654594e+02
6.445775195221760896e+02
6.361845830700643774e+02
6.378631703604867198e+02
6.319881148440085781e+02
6.252737656823192083e+02
6.252737656823192083e+02
6.244344720371080939e+02
6.126843610041516968e+02
6.068093054876735550e+02
6.051307181972512126e+02
6.017735436164065277e+02
5.992556626807730709e+02
5.992556626807730709e+02
5.942199008095060435e+02
5.900234325834502442e+02
5.858269643573944450e+02
5.816304961313385320e+02
5.816304961313385320e+02
5.774340279052827327e+02
5.715589723888045910e+02
5.640053295819041068e+02
5.682017978079599061e+02
5.623267422914817644e+02
5.581302740654259651e+02
5.556123931297923946e+02
5.539338058393700521e+02
5.522552185489477097e+02
5.438622820968361111e+02
5.447015757420472255e+02
5.405051075159914262e+02
5.363086392899356269e+02
5.379872265803578557e+02
5.304335837734573715e+02
5.287549964830350291e+02
5.253978219021904579e+02
5.262371155474015723e+02
5.186834727405010881e+02
5.170048854500787456e+02
5.144870045144452888e+02
5.069333617075447478e+02
5.052547744171224053e+02
5.069333617075447478e+02
5.027368934814888917e+02
5.035761871267000629e+02
4.968618379650107499e+02
4.960225443197995787e+02
4.918260760937437226e+02
4.859510205772655809e+02
4.867903142224767521e+02
4.851117269320544096e+02
4.842724332868432384e+02
4.817545523512097247e+02
4.767187904799427542e+02
4.758794968347315830e+02
4.742009095443092406e+02
4.683258540278310420e+02
4.624507985113529003e+02
4.590936239305082154e+02
4.565757429948747586e+02
4.490221001879742175e+02
4.431470446714960758e+02
4.439863383167072470e+02
4.381112828002290485e+02
4.347541082193844204e+02
4.313969336385397355e+02
4.280397590576950506e+02
4.230039971864280801e+02
4.162896480247387103e+02
4.146110607343163679e+02
4.104145925082605686e+02
4.087360052178382261e+02
4.037002433465711988e+02
4.037002433465711988e+02
3.986644814753042283e+02
3.944680132492483722e+02
3.902715450231925729e+02
3.919501323136149153e+02
3.877536640875590592e+02
3.810393149258697463e+02
3.776821403450250614e+02
3.760035530546027189e+02
3.718070848285468628e+02
3.684499102477022348e+02
3.650927356668575499e+02
3.650927356668575499e+02
3.583783865051682369e+02
3.583783865051682369e+02
3.541819182791123808e+02
3.550212119243235520e+02
3.499854500530565247e+02
3.499854500530565247e+02
3.457889818270007254e+02
3.424318072461560405e+02
3.399139263105225268e+02
3.415925136009448693e+02
3.357174580844667275e+02
3.331995771488332139e+02
3.315209898584108714e+02
3.298424025679885290e+02
3.290031089227773577e+02
3.248066406967215585e+02
3.239673470515103872e+02
3.197708788254545311e+02
3.189315851802433599e+02
3.155744105993987318e+02
3.138958233089763894e+02
3.138958233089763894e+02
3.113779423733428757e+02
3.088600614377093621e+02
3.038242995664423916e+02
3.046635932116535628e+02
3.029850059212312203e+02
2.996278313403865354e+02
2.996278313403865354e+02
2.962706567595418505e+02
2.962706567595418505e+02
2.945920694691195649e+02
2.895563075978525376e+02
2.878777203074301951e+02
2.887170139526413664e+02
2.845205457265855671e+02
2.820026647909520534e+02
2.803240775005297110e+02
2.811633711457408822e+02
2.769669029196850261e+02
2.761276092744738548e+02
2.778061965648961973e+02
2.736097283388403980e+02
2.736097283388403980e+02
2.719311410484180556e+02
2.677346728223621994e+02
2.668953791771510282e+02
2.660560855319398570e+02
2.660560855319398570e+02
2.643774982415175145e+02
2.635382045963063433e+02
2.610203236606728865e+02
2.601810300154617153e+02
2.576631490798282016e+02
2.576631490798282016e+02
2.551452681441946879e+02
2.534666808537723739e+02
2.534666808537723739e+02
2.517880935633500314e+02
2.492702126277165462e+02
2.501095062729276890e+02
2.475916253372942037e+02
2.442344507564495473e+02
2.450737444016606901e+02
2.433951571112383760e+02
2.425558634660272048e+02
2.400379825303936911e+02
2.400379825303936911e+02
2.366808079495490347e+02
2.375201015947602059e+02
2.366808079495490347e+02
2.341629270139155210e+02
2.333236333687043782e+02
2.333236333687043782e+02
2.316450460782820358e+02
2.308057524330708645e+02
2.274485778522262081e+02
2.282878714974373793e+02
2.266092842070150368e+02
2.257699905618038656e+02
2.249306969165926944e+02
2.240914032713815232e+02
2.215735223357480379e+02
2.224128159809592091e+02
2.207342286905368667e+02
2.198949350453256955e+02
2.173770541096922102e+02
2.182163477549033530e+02
2.165377604644810390e+02
2.148591731740586965e+02
2.156984668192698678e+02
2.148591731740586965e+02
2.131805858836363541e+02
2.115019985932140401e+02
2.106627049480028688e+02
2.098234113027916976e+02
2.098234113027916976e+02
2.081448240123693552e+02
2.081448240123693552e+02
2.073055303671581839e+02
2.047876494315246987e+02
2.047876494315246987e+02
2.031090621411023562e+02
2.039483557863135275e+02
2.022697684958911850e+02
1.997518875602576998e+02
1.997518875602576998e+02
1.989125939150465285e+02
1.989125939150465285e+02
1.989125939150465285e+02
1.980733002698353573e+02
1.955554193342018721e+02
1.947161256889907008e+02
1.938768320437795296e+02
1.938768320437795296e+02
1.930375383985683584e+02
1.930375383985683584e+02
1.913589511081460159e+02
1.905196574629348731e+02
1.905196574629348731e+02
1.896803638177237019e+02
1.871624828820901882e+02
1.888410701725125307e+02
1.871624828820901882e+02
1.854838955916678458e+02
1.863231892368790170e+02
1.846446019464567030e+02
1.846446019464567030e+02
1.829660146560343605e+02
1.838053083012455318e+02
1.821267210108231893e+02
1.821267210108231893e+02
1.804481337204008469e+02
1.787695464299785328e+02
1.787695464299785328e+02
1.779302527847673616e+02
1.770909591395561904e+02
1.770909591395561904e+02
1.762516654943450192e+02
1.754123718491338479e+02
1.754123718491338479e+02
1.745730782039227051e+02
1.745730782039227051e+02
1.737337845587115339e+02
1.728944909135003627e+02
1.712159036230780202e+02
1.712159036230780202e+02
1.720551972682891915e+02
1.703766099778668490e+02
1.703766099778668490e+02
1.686980226874445350e+02
1.678587290422333638e+02
1.678587290422333638e+02
1.670194353970221925e+02
1.670194353970221925e+02
1.670194353970221925e+02
1.661801417518110213e+02
1.645015544613886789e+02
1.653408481065998501e+02
1.628229671709663648e+02
1.645015544613886789e+02
1.619836735257551936e+02
1.619836735257551936e+02
1.611443798805440224e+02
1.603050862353328512e+02
1.611443798805440224e+02
1.603050862353328512e+02
1.603050862353328512e+02
1.586264989449105087e+02
1.577872052996993659e+02
1.594657925901216800e+02
1.577872052996993659e+02
1.561086180092770235e+02
1.569479116544881947e+02
1.552693243640658523e+02
1.552693243640658523e+02
1.544300307188546810e+02
1.552693243640658523e+02
1.535907370736435098e+02
1.544300307188546810e+02
1.519121497832211958e+02
1.519121497832211958e+02
1.527514434284323670e+02
1.527514434284323670e+02
1.519121497832211958e+02
1.502335624927988533e+02
1.502335624927988533e+02
1.502335624927988533e+02
1.493942688475876821e+02
1.493942688475876821e+02
1.485549752023765109e+02
1.485549752023765109e+02
1.477156815571653397e+02
1.468763879119541969e+02
1.477156815571653397e+02
1.460370942667430256e+02
1.451978006215318544e+02
1.468763879119541969e+02
1.435192133311095120e+02
1.435192133311095120e+02
1.435192133311095120e+02
1.435192133311095120e+02
1.426799196858983407e+02
1.426799196858983407e+02
1.426799196858983407e+02
1.410013323954760267e+02
1.401620387502648555e+02
1.401620387502648555e+02
1.401620387502648555e+02
1.401620387502648555e+02
1.401620387502648555e+02
1.393227451050536843e+02
1.393227451050536843e+02
1.384834514598425130e+02
1.384834514598425130e+02
1.376441578146313418e+02
1.384834514598425130e+02
1.368048641694201990e+02
1.368048641694201990e+02
1.368048641694201990e+02
1.359655705242090278e+02
1.351262768789978566e+02
1.351262768789978566e+02
1.342869832337866853e+02
1.351262768789978566e+02
1.342869832337866853e+02
1.334476895885755141e+02
1.326083959433643429e+02
1.334476895885755141e+02
1.326083959433643429e+02
1.326083959433643429e+02
1.309298086529420289e+02
1.317691022981531717e+02
1.300905150077308576e+02
1.309298086529420289e+02
1.292512213625196864e+02
1.292512213625196864e+02
1.300905150077308576e+02
1.300905150077308576e+02
1.292512213625196864e+02
1.284119277173085152e+02
1.284119277173085152e+02
1.267333404268861869e+02
1.275726340720973440e+02
1.275726340720973440e+02
1.258940467816750157e+02
1.258940467816750157e+02
1.258940467816750157e+02
1.250547531364638445e+02
1.258940467816750157e+02
1.250547531364638445e+02
1.250547531364638445e+02
1.242154594912526875e+02
1.242154594912526875e+02
1.242154594912526875e+02
1.233761658460415163e+02
1.233761658460415163e+02
1.216975785556191880e+02
1.233761658460415163e+02
1.216975785556191880e+02
1.225368722008303450e+02
1.225368722008303450e+02
1.208582849104080168e+02
1.208582849104080168e+02
1.200189912651968456e+02
1.208582849104080168e+02
1.200189912651968456e+02
1.200189912651968456e+02
1.200189912651968456e+02
1.200189912651968456e+02
1.191796976199856886e+02
1.183404039747745173e+02
1.183404039747745173e+02
1.183404039747745173e+02
1.175011103295633461e+02
1.175011103295633461e+02
1.166618166843521891e+02
1.166618166843521891e+02
1.175011103295633461e+02
1.175011103295633461e+02
1.166618166843521891e+02
1.149832293939298467e+02
1.158225230391410179e+02
1.149832293939298467e+02
1.149832293939298467e+02
1.141439357487186896e+02
1.141439357487186896e+02
1.149832293939298467e+02
1.141439357487186896e+02
1.141439357487186896e+02
1.133046421035075184e+02
1.133046421035075184e+02
1.124653484582963472e+02
1.124653484582963472e+02
1.116260548130851760e+02
1.124653484582963472e+02
1.116260548130851760e+02
1.107867611678740190e+02
1.116260548130851760e+02
1.107867611678740190e+02
1.107867611678740190e+02
1.099474675226628477e+02
1.107867611678740190e+02
1.099474675226628477e+02
1.091081738774516765e+02
1.091081738774516765e+02
1.099474675226628477e+02
1.091081738774516765e+02
1.091081738774516765e+02
1.082688802322405195e+02
1.082688802322405195e+02
1.082688802322405195e+02
1.074295865870293483e+02
1.074295865870293483e+02
1.065902929418181770e+02
1.074295865870293483e+02
1.065902929418181770e+02
1.074295865870293483e+02
1.057509992966070200e+02
1.057509992966070200e+02
1.057509992966070200e+02
1.057509992966070200e+02
1.049117056513958488e+02
1.049117056513958488e+02
1.057509992966070200e+02
1.040724120061846776e+02
1.040724120061846776e+02
1.049117056513958488e+02
1.040724120061846776e+02
1.040724120061846776e+02
1.032331183609735206e+02
1.040724120061846776e+02
1.032331183609735206e+02
1.032331183609735206e+02
1.023938247157623493e+02
1.023938247157623493e+02
1.023938247157623493e+02
1.015545310705511781e+02
1.023938247157623493e+02
1.015545310705511781e+02
1.015545310705511781e+02
1.007152374253400069e+02
1.015545310705511781e+02
1.007152374253400069e+02
9.987594378012884988e+01
9.987594378012884988e+01
9.987594378012884988e+01
9.903665013491767866e+01
1.007152374253400069e+02
9.987594378012884988e+01
9.987594378012884988e+01
9.903665013491767866e+01
9.903665013491767866e+01
9.903665013491767866e+01
9.819735648970650743e+01
9.819735648970650743e+01
9.819735648970650743e+01
9.735806284449535042e+01
9.735806284449535042e+01
9.735806284449535042e+01
9.735806284449535042e+01
9.651876919928417919e+01
9.651876919928417919e+01
9.651876919928417919e+01
9.651876919928417919e+01
9.651876919928417919e+01
9.567947555407300797e+01
9.567947555407300797e+01
9.484018190886185096e+01
9.484018190886185096e+01
9.567947555407300797e+01
9.484018190886185096e+01
9.400088826365067973e+01
9.484018190886185096e+01
9.316159461843950851e+01
9.316159461843950851e+01
9.316159461843950851e+01
9.316159461843950851e+01
9.064371368280600905e+01
9.148300732801718027e+01
9.148300732801718027e+01
9.148300732801718027e+01
9.064371368280600905e+01
9.064371368280600905e+01
8.980442003759485203e+01
8.980442003759485203e+01
8.896512639238368081e+01
8.896512639238368081e+01
8.812583274717250958e+01
8.728653910196135257e+01
8.812583274717250958e+01
8.812583274717250958e+01
8.812583274717250958e+01
8.728653910196135257e+01
8.644724545675018135e+01
8.728653910196135257e+01
8.644724545675018135e+01
8.560795181153901012e+01
8.560795181153901012e+01
8.560795181153901012e+01
8.560795181153901012e+01
8.476865816632783890e+01
8.476865816632783890e+01
8.392936452111668189e+01
8.392936452111668189e+01
8.392936452111668189e+01
8.392936452111668189e+01
8.309007087590551066e+01
8.309007087590551066e+01
8.309007087590551066e+01
8.309007087590551066e+01
8.225077723069433944e+01
8.225077723069433944e+01
8.141148358548318242e+01
8.057218994027201120e+01
8.141148358548318242e+01
8.057218994027201120e+01
8.057218994027201120e+01
8.057218994027201120e+01
7.973289629506083998e+01
7.973289629506083998e+01
7.973289629506083998e+01
7.889360264984968296e+01
7.973289629506083998e+01
7.889360264984968296e+01
7.889360264984968296e+01
7.805430900463851174e+01
7.805430900463851174e+01
7.805430900463851174e+01
7.805430900463851174e+01
7.721501535942734051e+01
7.721501535942734051e+01
7.637572171421618350e+01
7.721501535942734051e+01
7.721501535942734051e+01
7.637572171421618350e+01
7.637572171421618350e+01
7.553642806900501228e+01
7.553642806900501228e+01
7.553642806900501228e+01
7.469713442379384105e+01
7.553642806900501228e+01
7.469713442379384105e+01
7.469713442379384105e+01
7.385784077858266983e+01
7.469713442379384105e+01
7.385784077858266983e+01
7.385784077858266983e+01
7.385784077858266983e+01
7.301854713337151281e+01
7.301854713337151281e+01
7.217925348816034159e+01
7.217925348816034159e+01
7.217925348816034159e+01
7.133995984294917037e+01
7.217925348816034159e+01
7.217925348816034159e+01
7.133995984294917037e+01
7.133995984294917037e+01
7.133995984294917037e+01
7.050066619773801335e+01
7.050066619773801335e+01
7.050066619773801335e+01
7.050066619773801335e+01
6.966137255252684213e+01
6.966137255252684213e+01
6.882207890731567090e+01
6.882207890731567090e+01
6.882207890731567090e+01
6.882207890731567090e+01
6.882207890731567090e+01
6.882207890731567090e+01
6.882207890731567090e+01
6.798278526210451389e+01
6.798278526210451389e+01
6.798278526210451389e+01
6.714349161689334267e+01
6.630419797168217144e+01
6.714349161689334267e+01
6.630419797168217144e+01
6.630419797168217144e+01
6.630419797168217144e+01
6.630419797168217144e+01
6.546490432647101443e+01
6.630419797168217144e+01
6.462561068125984320e+01
6.546490432647101443e+01
6.462561068125984320e+01
6.462561068125984320e+01
6.462561068125984320e+01
6.462561068125984320e+01
6.462561068125984320e+01
6.378631703604867198e+01
6.378631703604867198e+01
6.378631703604867198e+01
6.378631703604867198e+01
6.378631703604867198e+01
6.294702339083750786e+01
6.294702339083750786e+01
6.294702339083750786e+01
6.294702339083750786e+01
6.294702339083750786e+01
6.210772974562634374e+01
6.210772974562634374e+01
6.210772974562634374e+01
6.210772974562634374e+01
6.126843610041517252e+01
6.126843610041517252e+01
6.126843610041517252e+01
6.126843610041517252e+01
6.126843610041517252e+01
6.126843610041517252e+01
6.042914245520400840e+01
6.042914245520400840e+01
6.042914245520400840e+01
6.042914245520400840e+01
6.042914245520400840e+01
6.042914245520400840e+01
6.042914245520400840e+01
6.042914245520400840e+01
5.958984880999284428e+01
5.958984880999284428e+01
5.958984880999284428e+01
5.958984880999284428e+01
5.958984880999284428e+01
5.875055516478167306e+01
5.875055516478167306e+01
5.875055516478167306e+01
5.875055516478167306e+01
5.875055516478167306e+01
5.791126151957050894e+01
5.791126151957050894e+01
5.791126151957050894e+01
5.791126151957050894e+01
5.791126151957050894e+01
5.791126151957050894e+01
5.791126151957050894e+01
5.791126151957050894e+01
5.791126151957050894e+01
5.707196787435934482e+01
5.707196787435934482e+01
5.707196787435934482e+01
5.707196787435934482e+01
5.707196787435934482e+01
5.623267422914817359e+01
5.623267422914817359e+01
5.707196787435934482e+01
5.623267422914817359e+01
5.623267422914817359e+01
5.623267422914817359e+01
5.539338058393700948e+01
5.539338058393700948e+01
5.539338058393700948e+01
5.539338058393700948e+01
5.539338058393700948e+01
5.539338058393700948e+01
5.539338058393700948e+01
5.539338058393700948e+01
5.455408693872583825e+01
5.455408693872583825e+01
5.455408693872583825e+01
5.455408693872583825e+01
5.455408693872583825e+01
5.455408693872583825e+01
5.455408693872583825e+01
5.455408693872583825e+01
5.455408693872583825e+01
5.455408693872583825e+01
5.287549964830351001e+01
5.371479329351467413e+01
5.371479329351467413e+01
5.287549964830351001e+01
5.371479329351467413e+01
5.287549964830351001e+01
5.287549964830351001e+01
5.287549964830351001e+01
5.287549964830351001e+01
5.287549964830351001e+01
5.287549964830351001e+01
5.287549964830351001e+01
5.287549964830351001e+01
5.203620600309233879e+01
5.203620600309233879e+01
5.203620600309233879e+01
5.203620600309233879e+01
5.203620600309233879e+01
5.119691235788117467e+01
5.203620600309233879e+01
5.203620600309233879e+01
5.203620600309233879e+01
5.119691235788117467e+01
5.119691235788117467e+01
5.119691235788117467e+01
5.119691235788117467e+01
5.119691235788117467e+01
5.119691235788117467e+01
5.035761871267000345e+01
5.119691235788117467e+01
5.035761871267000345e+01
5.035761871267000345e+01
5.035761871267000345e+01
5.035761871267000345e+01
5.035761871267000345e+01
5.035761871267000345e+01
5.035761871267000345e+01
4.951832506745883933e+01
5.035761871267000345e+01
4.951832506745883933e+01
4.951832506745883933e+01
4.951832506745883933e+01
4.951832506745883933e+01
4.951832506745883933e+01
4.951832506745883933e+01
4.867903142224767521e+01
4.951832506745883933e+01
4.867903142224767521e+01
4.867903142224767521e+01
4.867903142224767521e+01
4.867903142224767521e+01
